1760437725312 0.1783137000495876 0
1760438056262 0.09574613790987088 1
1760438386137 0.0807813744095997 2
1760438712242 0.05508302052902162 3
1760439040524 0.05234057810809003 4
1760439369440 0.04669840673690417 5
1760439696817 0.043320672311819235 6
1760440021548 0.07595554577973579 7
1760440351447 0.03620791286837212 8
1760440682300 0.03712577318103387 9
1760441010889 0.022190016065455592 10
1760441338541 0.036928440508859635 11
1760441666312 0.021178874195101602 12
1760441994500 0.02438434603011762 13
1760442324525 0.044295490838927004 14
1760437725312 0.1783137000495876 0
