1760437725347 0.9322468412378685 0
1760438056296 0.9681377037172679 1
1760438386170 0.9739974363669658 2
1760438712276 0.9820545687603003 3
1760439040557 0.9840688518586339 4
1760439369477 0.9846182017945431 5
1760439696852 0.9897454678630287 6
1760440021583 0.974546786302875 7
1760440351482 0.9890130012818165 8
1760440682335 0.9880974180553013 9
1760441010921 0.993774034059696 10
1760441338578 0.9880974180553013 11
1760441666349 0.9934078007690899 12
1760441994535 0.9919428676066654 13
1760442324558 0.9864493682475737 14
1760437725347 0.9322468412378685 0
